2 5 18
1 F 3 F B F 7 F 9 FB 11 F 13 F B F 17 F 

14 18 25
1 2 3 4 5 6 7 8 9 10 11 12 13 F 15 16 17 B 19 20 21 22 23 24 25 

3 6 15
1 2 F 4 5 FB 7 8 F 10 11 FB 13 14 F 

2 4 30
1 F 3 FB 5 F 7 FB 9 F 11 FB 13 F 15 FB 17 F 19 FB 21 F 23 FB 25 F 27 FB 29 F 

7 9 24
1 2 3 4 5 6 F 8 B 10 11 12 13 F 15 16 17 B 19 20 F 22 23 24 

6 11 42
1 2 3 4 5 F 7 8 9 10 B F 13 14 15 16 17 F 19 20 21 B 23 F 25 26 27 28 29 F 31 32 B 34 35 F 37 38 39 40 41 F 

6 12 30
1 2 3 4 5 F 7 8 9 10 11 FB 13 14 15 16 17 F 19 20 21 22 23 FB 25 26 27 28 29 F 

2 5 20
1 F 3 F B F 7 F 9 FB 11 F 13 F B F 17 F 19 FB 

4 7 11
1 2 3 F 5 6 B F 9 10 11 

2 6 26
1 F 3 F 5 FB 7 F 9 F 11 FB 13 F 15 F 17 FB 19 F 21 F 23 FB 25 F 

3 6 24
1 2 F 4 5 FB 7 8 F 10 11 FB 13 14 F 16 17 FB 19 20 F 22 23 FB 

7 19 25
1 2 3 4 5 6 F 8 9 10 11 12 13 F 15 16 17 18 B 20 F 22 23 24 25 

2 4 8
1 F 3 FB 5 F 7 FB 

15 23 37
1 2 3 4 5 6 7 8 9 10 11 12 13 14 F 16 17 18 19 20 21 22 B 24 25 26 27 28 29 F 31 32 33 34 35 36 37 

4 16 32
1 2 3 F 5 6 7 F 9 10 11 F 13 14 15 FB 17 18 19 F 21 22 23 F 25 26 27 F 29 30 31 FB 

5 27 34
1 2 3 4 F 6 7 8 9 F 11 12 13 14 F 16 17 18 19 F 21 22 23 24 F 26 B 28 29 F 31 32 33 34 

9 17 53
1 2 3 4 5 6 7 8 F 10 11 12 13 14 15 16 B F 19 20 21 22 23 24 25 26 F 28 29 30 31 32 33 B 35 F 37 38 39 40 41 42 43 44 F 46 47 48 49 50 B 52 53 

11 18 27
1 2 3 4 5 6 7 8 9 10 F 12 13 14 15 16 17 B 19 20 21 F 23 24 25 26 27 

21 26 35
1 2 3 4 5 6 7 8 9 10 11 12 13 14 15 16 17 18 19 20 F 22 23 24 25 B 27 28 29 30 31 32 33 34 35 

17 42 481 2 3 4 5 6 7 8 9 10 11 12 13 14 15 16 F 18 19 20 21 22 23 24 25 26 27 28 29 30 31 32 33 F 35 36 37 38 39 40 41 B 43 44 45 46 47 48 

